-3.9235E+00
-3.8490E+00
-3.8425E+00
-3.8805E+00
-3.8745E+00
-3.8690E+00
-3.8460E+00
-3.8835E+00
-3.9140E+00
-3.7800E+00
-3.8420E+00
-3.8335E+00
-3.7930E+00
-3.7865E+00
-3.7730E+00
-3.7580E+00
-3.7535E+00
-3.7045E+00
-3.7040E+00
-3.6340E+00
-3.7200E+00
-3.5995E+00
-3.5730E+00
-3.5865E+00
-3.5645E+00
-3.5315E+00
-3.5085E+00
-3.4755E+00
-3.4725E+00
-3.3280E+00
-3.4155E+00
-3.3545E+00
-3.2855E+00
-3.2715E+00
-3.2385E+00
-3.1765E+00
-3.1770E+00
-3.1015E+00
-3.0665E+00
-3.0005E+00
-3.0495E+00
-2.8950E+00
-2.8610E+00
-2.8710E+00
-2.8345E+00
-2.7725E+00
-2.7310E+00
-2.6820E+00
-2.6505E+00
-2.5365E+00
-2.5910E+00
-2.5295E+00
-2.4095E+00
-2.4150E+00
-2.3545E+00
-2.3080E+00
-2.2590E+00
-2.1995E+00
-2.1675E+00
-2.1100E+00
-2.1145E+00
-1.9950E+00
-1.9575E+00
-1.9715E+00
-1.9360E+00
-1.8345E+00
-1.8310E+00
-1.7470E+00
-1.7105E+00
-1.6210E+00
-1.6555E+00
-1.6425E+00
-1.4955E+00
-1.5115E+00
-1.4515E+00
-1.4070E+00
-1.3610E+00
-1.2845E+00
-1.2715E+00
-1.2590E+00
-1.2255E+00
-1.0945E+00
-1.0735E+00
-1.1015E+00
-1.0625E+00
-9.7600E-01
-9.6300E-01
-9.1300E-01
-8.3400E-01
-7.5450E-01
-8.2150E-01
-8.3150E-01
-6.8400E-01
-7.1150E-01
-6.6450E-01
-6.0200E-01
-5.9200E-01
-5.2750E-01
-5.6350E-01
-5.2350E-01
-5.3900E-01
-4.0100E-01
-3.7350E-01
-4.0400E-01
-3.6700E-01
-3.2100E-01
-3.1550E-01
-2.8850E-01
-2.5200E-01
-2.1750E-01
-2.4800E-01
-2.7000E-01
-1.5050E-01
-1.7100E-01
-1.5100E-01
-1.0700E-01
-1.0800E-01
-7.8000E-02
-7.5000E-02
-8.4000E-02
-1.0400E-01
-5.0000E-04
7.1000E-02
-5.4000E-02
-2.6000E-02
1.2500E-02
4.5000E-03
5.5000E-03
1.5500E-02
2.7500E-02
-1.3000E-02
-7.1500E-02
7.7000E-02
1.8500E-02
5.5000E-03
1.6500E-02
1.0500E-02
-2.0000E-03
1.2000E-02
-2.9000E-02
-2.0000E-02
-2.0000E-02
2.6500E-02
-9.2500E-02
-3.3500E-02
-4.7500E-02
-7.5500E-02
-9.0000E-02
-6.1000E-02
-1.2700E-01
-1.6250E-01
-2.2300E-01
-1.4300E-01
-1.9350E-01
-2.3950E-01
-2.3200E-01
-2.7500E-01
-3.0000E-01
-3.1550E-01
-3.5600E-01
-3.5100E-01
-4.0050E-01
-3.9500E-01
-5.2200E-01
-4.5650E-01
-4.6400E-01
-5.4500E-01
-5.7300E-01
-5.8300E-01
-6.4700E-01
-6.9150E-01
-7.4700E-01
-6.9850E-01
-6.9700E-01
-8.2600E-01
-8.1800E-01
-8.7350E-01
-9.1650E-01
-9.8100E-01
-1.0365E+00
-1.0470E+00
-1.0775E+00
-1.0445E+00
-1.2045E+00
-1.1395E+00
-1.1850E+00
-1.2510E+00
-1.3225E+00
-1.3780E+00
-1.4235E+00
-1.4870E+00
-1.5175E+00
-1.5410E+00
-1.5155E+00
-1.7080E+00
-1.6770E+00
-1.7300E+00
-1.7885E+00
-1.8460E+00
-1.8950E+00
-1.9150E+00
-1.9555E+00
-1.9665E+00
-2.1215E+00
-2.0265E+00
-2.1080E+00
-2.1725E+00
-2.2435E+00
-2.2675E+00
-2.3310E+00
-2.3705E+00
-2.4205E+00
-2.4415E+00
-2.4180E+00
-2.6240E+00
-2.5865E+00
-2.5975E+00
-2.6945E+00
-2.7475E+00
-2.7875E+00
-2.8215E+00
-2.8570E+00
-2.8840E+00
-3.0370E+00
-2.9940E+00
-3.0340E+00
-3.0970E+00
-3.1550E+00
-3.1670E+00
-3.2435E+00
-3.2645E+00
-3.2910E+00
-3.2905E+00
-3.3335E+00
-3.4020E+00
-3.3790E+00
-3.4275E+00
-3.4985E+00
-3.4960E+00
-3.5675E+00
-3.5480E+00
-3.5985E+00
-3.6360E+00
-3.6790E+00
-3.6740E+00
-3.6515E+00
-3.7415E+00
-3.7785E+00
-3.7460E+00
-3.7740E+00
-3.7805E+00
-3.8210E+00
-3.7725E+00
-3.7870E+00
-3.8675E+00
-3.8060E+00
-3.8315E+00
-3.8685E+00
-3.8720E+00
-3.8480E+00
-3.8600E+00
-3.8805E+00
-3.9005E+00
-3.8795E+00
-3.8755E+00
-3.8410E+00
-3.8865E+00
-3.8980E+00
-3.8620E+00
-3.8705E+00
-3.8280E+00
-3.8105E+00
-3.7885E+00
-3.7780E+00
-3.8040E+00
-3.7365E+00
-3.7275E+00
-3.7450E+00
-3.7020E+00
-3.6955E+00
-3.6710E+00
-3.6705E+00
-3.6315E+00
-3.6240E+00
-3.5900E+00
-3.5115E+00
-3.5380E+00
-3.5370E+00
-3.4560E+00
-3.4325E+00
-3.3900E+00
-3.3320E+00
-3.3160E+00
-3.2985E+00
-3.2890E+00
-3.1935E+00
-3.1320E+00
-3.1700E+00
-3.1025E+00
-3.0345E+00
-3.0295E+00
-2.9900E+00
-2.9460E+00
-2.8845E+00
-2.8590E+00
-2.7570E+00
-2.7850E+00
-2.7710E+00
-2.6320E+00
-2.6365E+00
-2.5795E+00
-2.5000E+00
-2.4760E+00
-2.4390E+00
-2.4275E+00
-2.2965E+00
-2.2545E+00
-2.2945E+00
-2.1965E+00
-2.1570E+00
-2.1330E+00
-2.0770E+00
-2.0365E+00
-1.9790E+00
-1.9180E+00
-1.8335E+00
-1.8710E+00
-1.8820E+00
-1.7455E+00
-1.7010E+00
-1.6600E+00
-1.5940E+00
-1.5735E+00
-1.5345E+00
-1.5060E+00
-1.4090E+00
-1.3540E+00
-1.3840E+00
-1.2990E+00
-1.2340E+00
-1.2240E+00
-1.1780E+00
-1.1310E+00
-1.0790E+00
-1.0510E+00
-9.9450E-01
-1.0110E+00
-1.0375E+00
-8.3000E-01
-8.7100E-01
-8.1050E-01
-7.4850E-01
-7.5550E-01
-7.2450E-01
-6.9100E-01
-5.9700E-01
-5.5100E-01
-6.1650E-01
-5.2800E-01
-4.8700E-01
-4.9400E-01
-4.5550E-01
-4.3450E-01
-4.1150E-01
-3.7700E-01
-3.3250E-01
-3.6800E-01
-3.9700E-01
-2.4850E-01
-2.5900E-01
-2.5200E-01
-2.0200E-01
-1.9400E-01
-1.7900E-01
-1.4600E-01
-1.0900E-01
-6.8000E-02
-1.4150E-01
-6.2500E-02
-3.0000E-02
-7.8000E-02
-3.5500E-02
-4.0000E-02
-2.6000E-02
-8.5000E-03
-2.5000E-02
-2.9000E-02
-6.6000E-02
5.8500E-02
-1.0500E-02
-2.1500E-02
5.7500E-02
-6.0000E-03
7.0000E-03
3.6500E-02
4.8500E-02
6.7000E-02
-6.7000E-02
4.8500E-02
2.9000E-02
-2.4000E-02
-9.5000E-03
-4.8000E-02
-3.1000E-02
-3.3000E-02
-6.4000E-02
-8.9500E-02
-1.3650E-01
-6.6500E-02
-1.4000E-01
-1.9800E-01
-1.4650E-01
-1.7350E-01
-2.1000E-01
-2.2450E-01
-2.2050E-01
-1.9500E-01
-3.4950E-01
-2.4750E-01
-2.9200E-01
-3.7250E-01
-3.7350E-01
-4.2350E-01
-4.0700E-01
-4.5800E-01
-5.1700E-01
-5.5250E-01
-5.5750E-01
-5.3800E-01
-6.4550E-01
-6.7250E-01
-6.7150E-01
-7.3150E-01
-7.6550E-01
-7.7600E-01
-8.0400E-01
-8.0550E-01
-9.4500E-01
-9.1400E-01
-9.4150E-01
-1.0205E+00
-1.0485E+00
-1.0935E+00
-1.1155E+00
-1.1940E+00
-1.2540E+00
-1.2885E+00
-1.1970E+00
-1.3295E+00
-1.3420E+00
-1.4400E+00
-1.4845E+00
-1.5130E+00
-1.6000E+00
-1.6080E+00
-1.6570E+00
-1.6980E+00
-1.8010E+00
-1.8075E+00
-1.8055E+00
-1.9150E+00
-1.9555E+00
-1.9995E+00
-2.0200E+00
-2.0710E+00
-2.1430E+00
-2.1735E+00
-2.1565E+00
-2.2490E+00
-2.2500E+00
-2.3830E+00
-2.3695E+00
-2.4400E+00
-2.5120E+00
-2.5075E+00
-2.5935E+00
-2.5595E+00
-2.6990E+00
-2.6600E+00
-2.7175E+00
-2.8520E+00
-2.8355E+00
-2.8505E+00
-2.9400E+00
-2.9935E+00
-3.0495E+00
-3.0775E+00
-3.1100E+00
-3.1165E+00
-3.2290E+00
-3.3035E+00
-3.2420E+00
-3.3100E+00
-3.3515E+00
-3.3645E+00
-3.4110E+00
-3.4075E+00
-3.5340E+00
-3.4470E+00
-3.4565E+00
-3.5650E+00
-3.5540E+00
-3.5990E+00
-3.6400E+00
-3.6415E+00
-3.6905E+00
-3.7030E+00
-3.6980E+00
-3.6775E+00
-3.7870E+00
-3.8615E+00
-3.7700E+00
-3.7995E+00
-3.8345E+00
-3.7970E+00
-3.8510E+00
-3.8360E+00
-3.8950E+00
-3.8365E+00
-3.7890E+00
-3.8925E+00
-3.8585E+00
-3.8615E+00
-3.8850E+00
-3.8745E+00
-3.8775E+00
-3.8765E+00
-3.8725E+00
-3.8295E+00
-3.9055E+00
-3.8880E+00
-3.7970E+00
-3.8310E+00
-3.8230E+00
-3.8020E+00
-3.7715E+00
-3.7625E+00
-3.7725E+00
-3.6990E+00
-3.6285E+00
-3.7290E+00
-3.6385E+00
-3.6350E+00
-3.6275E+00
-3.5905E+00
-3.5930E+00
-3.5355E+00
-3.4940E+00
-3.4835E+00
-3.4630E+00
-3.4655E+00
-3.3620E+00
-3.3395E+00
-3.3405E+00
-3.2720E+00
-3.2555E+00
-3.2395E+00
-3.1695E+00
-3.1085E+00
-3.0190E+00
-3.0890E+00
-2.9880E+00
-2.9575E+00
-2.9265E+00
-2.8820E+00
-2.8120E+00
-2.7855E+00
-2.7110E+00
-2.6955E+00
-2.6560E+00
-2.6460E+00
-2.5485E+00
-2.4595E+00
-2.5030E+00
-2.4150E+00
-2.3640E+00
-2.3500E+00
-2.2580E+00
-2.2065E+00
-2.1030E+00
-2.1965E+00
-2.0605E+00
-2.0440E+00
-2.0230E+00
-1.9710E+00
-1.9320E+00
-1.8515E+00
-1.7905E+00
-1.8075E+00
-1.7595E+00
-1.7390E+00
-1.6265E+00
-1.5480E+00
-1.5840E+00
-1.4990E+00
-1.4585E+00
-1.4530E+00
-1.3865E+00
-1.2945E+00
-1.2350E+00
-1.2795E+00
-1.1665E+00
-1.1310E+00
-1.1370E+00
-1.0980E+00
-1.0360E+00
-1.0040E+00
-9.5050E-01
-9.2300E-01
-8.8850E-01
-8.6100E-01
-7.7850E-01
-7.2650E-01
-7.5100E-01
-6.9250E-01
-6.4050E-01
-6.7950E-01
-5.8850E-01
-5.5400E-01
-5.3000E-01
-5.5900E-01
-4.5800E-01
-4.2800E-01
-4.4400E-01
-4.1000E-01
-3.7350E-01
-3.3800E-01
-2.7900E-01
-3.0500E-01
-2.8000E-01
-2.4700E-01
-1.7900E-01
-1.5650E-01
-2.4400E-01
-1.4550E-01
-1.0200E-01
-1.5700E-01
-8.1000E-02
-8.9000E-02
-5.6000E-02
-1.0800E-01
-8.1000E-02
4.5000E-03
-6.0000E-02
-4.6500E-02
5.0000E-04
-2.1000E-02
-1.4500E-02
-9.0000E-03
4.5000E-03
1.1000E-02
2.4500E-02
3.5000E-03
-1.7000E-02
4.9500E-02
2.8000E-02
-1.2500E-02
1.7500E-02
2.1000E-02
8.5000E-03
-2.5000E-02
-2.0000E-02
5.7000E-02
-5.7500E-02
-7.9500E-02
-4.2500E-02
-5.9000E-02
-6.3000E-02
-1.2500E-01
-1.0900E-01
-9.8500E-02
-1.1850E-01
-1.6350E-01
-2.4150E-01
-1.6800E-01
-1.9450E-01
-2.5550E-01
-2.4500E-01
-2.6750E-01
-3.1850E-01
-3.3650E-01
-3.8050E-01
-3.0550E-01
-4.4600E-01
-4.9550E-01
-4.6150E-01
-5.1100E-01
-5.3950E-01
-5.5750E-01
-5.8700E-01
-6.2950E-01
-6.3800E-01
-7.3850E-01
-7.7400E-01
-7.2450E-01
-7.8650E-01
-8.5050E-01
-8.7950E-01
-8.8300E-01
-9.5200E-01
-9.9550E-01
-1.1055E+00
-1.0465E+00
-1.1400E+00
-1.1950E+00
-1.1735E+00
-1.2445E+00
-1.2695E+00
-1.3170E+00
-1.3560E+00
-1.4090E+00
-1.4205E+00
-1.5435E+00
-1.5960E+00
-1.6195E+00
-1.6060E+00
-1.7110E+00
-1.7325E+00
-1.7560E+00
-1.8195E+00
-1.8720E+00
-1.9315E+00
-1.9250E+00
-2.0265E+00
-2.0950E+00
-2.0670E+00
-2.1340E+00
-2.2070E+00
-2.2035E+00
-2.2495E+00
-2.2975E+00
-2.3385E+00
-2.4210E+00
-2.4975E+00
-2.4820E+00
-2.5305E+00
-2.5855E+00
-2.6345E+00
-2.6655E+00
-2.7335E+00
-2.7865E+00
-2.8305E+00
-2.8100E+00
-2.9400E+00
-2.9605E+00
-2.9925E+00
-3.0515E+00
-3.1040E+00
-3.1250E+00
-3.1580E+00
-3.1805E+00
-3.2575E+00
-3.2485E+00
-3.3915E+00
-3.3140E+00
-3.2850E+00
-3.4315E+00
-3.4305E+00
-3.4630E+00
-3.5250E+00
-3.5345E+00
-3.5575E+00
-3.5525E+00
-3.6480E+00
-3.6715E+00
-3.6560E+00
-3.6795E+00
-3.7225E+00
-3.7135E+00
-3.7455E+00
-3.7755E+00
-3.7685E+00
-3.7840E+00
-3.8605E+00
-3.7780E+00
-3.7530E+00
-3.8430E+00
-3.8370E+00
-3.8530E+00
-3.8800E+00
-3.8495E+00
-3.8615E+00
-3.8435E+00
-3.9140E+00
-3.9130E+00
-3.8635E+00
-3.8695E+00
-3.8720E+00
-3.8605E+00
-3.8520E+00
-3.8565E+00
-3.8580E+00
-3.8290E+00
-3.8350E+00
-3.7790E+00
-3.7190E+00
-3.8115E+00
-3.7795E+00
-3.7220E+00
-3.7450E+00
-3.7050E+00
-3.6400E+00
-3.6580E+00
-3.6815E+00
-3.6515E+00
-3.5635E+00
-3.5480E+00
-3.5570E+00
-3.5025E+00
-3.4610E+00
-3.4345E+00
-3.4260E+00
-3.4290E+00
-3.3475E+00
-3.2825E+00
-3.2380E+00
-3.2705E+00
-3.2310E+00
-3.1490E+00
-3.1295E+00
-3.0850E+00
-3.0175E+00
-2.9615E+00
-2.9790E+00
-2.9435E+00
-2.8360E+00
-2.8105E+00
-2.7915E+00
-2.7175E+00
-2.6535E+00
-2.6375E+00
-2.6155E+00
-2.5760E+00
-2.4900E+00
-2.4275E+00
-2.3920E+00
-2.3890E+00
-2.3380E+00
-2.2460E+00
-2.2400E+00
-2.1815E+00
-2.0945E+00
-2.0850E+00
-2.0640E+00
-2.0110E+00
-1.9145E+00
-1.8935E+00
-1.8890E+00
-1.7990E+00
-1.7395E+00
-1.7380E+00
-1.6845E+00
-1.6470E+00
-1.5985E+00
-1.5425E+00
-1.4930E+00
-1.4945E+00
-1.4590E+00
-1.3185E+00
-1.3265E+00
-1.3065E+00
-1.2280E+00
-1.2120E+00
-1.1430E+00
-1.1130E+00
-1.0415E+00
-1.0235E+00
-1.0165E+00
-9.3350E-01
-8.7750E-01
-8.7150E-01
-8.3350E-01
-7.8250E-01
-7.6100E-01
-7.2000E-01
-6.8950E-01
-6.7850E-01
-6.8250E-01
-5.3550E-01
-5.8300E-01
-5.3100E-01
-4.6650E-01
-5.0500E-01
-4.5200E-01
-4.3550E-01
-3.5000E-01
-3.1000E-01
-3.7050E-01
-3.1200E-01
-2.6350E-01
-2.8600E-01
-2.3600E-01
-2.4650E-01
-2.0200E-01
-1.9000E-01
-1.7500E-01
-1.8050E-01
-1.4500E-01
-2.8500E-02
-1.2700E-01
-9.5000E-02
-5.8500E-02
-4.7500E-02
-5.4500E-02
-4.2000E-02
-9.5000E-03
2.2000E-02
-3.4000E-02
1.7500E-02
6.7500E-02
5.0000E-04
4.5000E-03
-2.0000E-03
1.5000E-02
1.8500E-02
2.9000E-02
-3.4500E-02
-1.6500E-02
7.9000E-02
-1.7500E-02
-2.4000E-02
-2.5000E-03
-2.1500E-02
-3.1000E-02
-3.8000E-02
-2.5500E-02
1.1500E-02
-1.3650E-01
-4.5500E-02
-3.5500E-02
-1.2900E-01
-1.0650E-01
-1.2750E-01
-1.6750E-01
-1.8150E-01
-2.2400E-01
-2.4050E-01
-2.8000E-01
-2.3100E-01
-2.9350E-01
-3.6900E-01
-3.4750E-01
-3.7650E-01
-3.9550E-01
-4.0950E-01
-4.4700E-01
-4.5850E-01
-5.9850E-01
-5.1100E-01
-5.3200E-01
-6.2400E-01
-6.5300E-01
-6.5350E-01
-7.0800E-01
-7.6100E-01
-7.8800E-01
-8.3050E-01
-8.3300E-01
-8.3650E-01
-9.1650E-01
-1.0065E+00
-9.8750E-01
-1.0455E+00
-1.0895E+00
-1.0845E+00
-1.1490E+00
-1.1910E+00
-1.2850E+00
-1.2260E+00
-1.2590E+00
-1.3990E+00
-1.4350E+00
-1.4630E+00
-1.5305E+00
-1.5765E+00
-1.6295E+00
-1.6790E+00
-1.6445E+00
-1.7130E+00
-1.6950E+00
-1.8770E+00
-1.8955E+00
-1.9115E+00
-1.9820E+00
-2.0040E+00
-2.0415E+00
-2.1100E+00
-2.1570E+00
-2.1540E+00
-2.1990E+00
-2.3010E+00
-2.3530E+00
-2.3600E+00
-2.4105E+00
-2.4730E+00
-2.5365E+00
-2.5710E+00
-2.6120E+00
-2.5945E+00
-2.7140E+00
-2.7925E+00
-2.7550E+00
-2.8380E+00
-2.8685E+00
-2.8980E+00
-2.9535E+00
-3.0180E+00
-3.0770E+00
-3.0630E+00
-3.0790E+00
-3.1960E+00
-3.2155E+00
-3.2405E+00
-3.3010E+00
-3.3235E+00
-3.3515E+00
-3.3865E+00
-3.4250E+00
-3.4025E+00
-3.5280E+00
-3.5790E+00
-3.5275E+00
-3.5790E+00
-3.6060E+00
-3.6070E+00
-3.6510E+00
-3.6835E+00
-3.7115E+00
-3.6695E+00
-3.6700E+00
-3.7680E+00
-3.7685E+00
-3.7665E+00
-3.8055E+00
-3.8140E+00
-3.8330E+00
-3.8245E+00
-3.8380E+00
-3.8480E+00
-3.9005E+00
-3.9410E+00
-3.8450E+00
-3.8570E+00
-3.8785E+00
-3.8470E+00
-3.8815E+00
-3.9105E+00
-3.9085E+00
-3.8390E+00
-3.8135E+00
-3.8985E+00
-3.8590E+00
-3.8160E+00
-3.8410E+00
-3.8325E+00
-3.8115E+00
-3.7900E+00
-3.7440E+00
-3.7540E+00
-3.7830E+00
-3.7715E+00
-3.6805E+00
-3.6595E+00
-3.6780E+00
-3.6235E+00
-3.6160E+00
-3.6155E+00
-3.5810E+00
-3.5030E+00
-3.4195E+00
-3.5020E+00
-3.4395E+00
-3.3795E+00
-3.3675E+00
-3.3350E+00
-3.3210E+00
-3.2575E+00
-3.2215E+00
-3.1805E+00
-3.1790E+00
-3.1290E+00
-3.0485E+00
-3.0245E+00
-3.0215E+00
-2.9250E+00
-2.8655E+00
-2.8820E+00
-2.8280E+00
-2.7345E+00
-2.7010E+00
-2.6965E+00
-2.6300E+00
-2.5540E+00
-2.5480E+00
-2.4990E+00
-2.4460E+00
-2.4080E+00
-2.3225E+00
-2.3050E+00
-2.2765E+00
-2.2240E+00
-2.1470E+00
-2.0780E+00
-2.1275E+00
-2.0090E+00
-1.9870E+00
-1.9680E+00
-1.8875E+00
-1.8300E+00
-1.7505E+00
-1.7940E+00
-1.7135E+00
-1.6230E+00
-1.6385E+00
-1.6130E+00
-1.5330E+00
-1.5005E+00
-1.4300E+00
-1.4335E+00
-1.3690E+00
-1.3350E+00
-1.2240E+00
-1.1660E+00
-1.2430E+00
-1.1160E+00
-1.0825E+00
-1.0995E+00
-1.0060E+00
-9.5800E-01
-9.0700E-01
-9.2850E-01
-8.8500E-01
-7.7450E-01
-8.1350E-01
-7.7550E-01
-7.1300E-01
-6.8550E-01
-6.1250E-01
-6.2150E-01
-5.8550E-01
-5.8100E-01
-5.0150E-01
-4.5300E-01
-5.4950E-01
-4.3650E-01
-3.8350E-01
-3.9700E-01
-3.6400E-01
-3.2050E-01
-3.0300E-01
-2.8700E-01
-3.2050E-01
-1.9950E-01
-2.2150E-01
-2.3050E-01
-1.5800E-01
-1.6250E-01
-1.3300E-01
-1.0500E-01
-9.8000E-02
-9.6500E-02
-4.0000E-02
1.0000E-02
-1.5400E-01
-2.1500E-02
1.0500E-02
-2.5000E-02
-5.0000E-04
-4.0000E-03
-1.4500E-02
-5.0000E-03
-4.3000E-02
9.5000E-02
-1.5500E-02
-4.3000E-02
3.1000E-02
-3.5000E-03
7.0000E-03
3.4500E-02
2.0000E-03
1.6500E-02
6.5000E-03
3.7000E-02
-8.7500E-02
-1.6500E-02
9.0000E-03
-5.5000E-02
-5.7000E-02
-4.6000E-02
-1.0050E-01
-1.2400E-01
-2.0750E-01
-7.0000E-02
-1.9700E-01
-2.1600E-01
-1.8350E-01
-2.2750E-01
-2.4350E-01
-2.6100E-01
-2.8350E-01
-2.7200E-01
-3.2350E-01
-2.7800E-01
-4.6400E-01
-3.6800E-01
-3.6750E-01
-4.7350E-01
-4.8150E-01
-4.9950E-01
-5.8900E-01
-6.0050E-01
-6.3150E-01
-6.1850E-01
-6.8450E-01
-7.2550E-01
-7.2150E-01
-7.5450E-01
-8.2600E-01
-8.4800E-01
-8.9600E-01
-9.0450E-01
-9.4800E-01
-9.6800E-01
-1.1160E+00
-1.1880E+00
-1.1095E+00
-1.1500E+00
-1.2195E+00
-1.2550E+00
-1.3000E+00
-1.3535E+00
-1.3975E+00
-1.4070E+00
-1.3765E+00
-1.5720E+00
-1.5515E+00
-1.5920E+00
-1.6610E+00
-1.7260E+00
-1.7425E+00
-1.7815E+00
-1.8225E+00
-1.8635E+00
-1.9800E+00
-1.9910E+00
-1.9800E+00
-2.0365E+00
-2.1080E+00
-2.1600E+00
-2.2045E+00
-2.2605E+00
-2.2820E+00
-2.3220E+00
-2.3200E+00
-2.4970E+00
-2.4540E+00
-2.4845E+00
-2.5950E+00
-2.6280E+00
-2.6745E+00
-2.6935E+00
-2.7620E+00
-2.7900E+00
-2.8680E+00
-2.8475E+00
-2.8870E+00
-2.9665E+00
-3.0490E+00
-3.0630E+00
-3.0990E+00
-3.1395E+00
-3.1685E+00
-3.2110E+00
-3.2220E+00
-3.3325E+00
-3.2970E+00
-3.3535E+00
-3.4070E+00
-3.4300E+00
-3.4445E+00
-3.4775E+00
-3.5225E+00
-3.5755E+00
-3.5935E+00
-3.5855E+00
-3.5960E+00
-3.6810E+00
-3.7250E+00
-3.7055E+00
-3.7430E+00
-3.7375E+00
-3.7565E+00
-3.7545E+00
-3.7570E+00
-3.8410E+00
-3.7960E+00
-3.8000E+00
-3.8465E+00
-3.8260E+00
-3.8520E+00
-3.8575E+00
-3.8765E+00
-3.8820E+00
-3.8860E+00
-3.8860E+00
-3.8060E+00
-3.9030E+00
-3.9210E+00
-3.8785E+00
-3.8820E+00
-3.8745E+00
-3.8395E+00
-3.8440E+00
-3.8180E+00
-3.8745E+00
-3.7850E+00
-3.7460E+00
-3.8060E+00
-3.7650E+00
-3.7450E+00
-3.7430E+00
-3.7210E+00
-3.7080E+00
-3.6865E+00
-3.6640E+00
-3.5845E+00
-3.6425E+00
-3.6320E+00
-3.5405E+00
-3.5115E+00
-3.4875E+00
-3.4400E+00
-3.4235E+00
-3.3890E+00
-3.4275E+00
-3.2910E+00
-3.2055E+00
-3.2920E+00
-3.2125E+00
-3.1820E+00
-3.1545E+00
-3.1040E+00
-3.0865E+00
-3.0165E+00
-2.9805E+00
-2.9070E+00
-2.9195E+00
-2.8805E+00
-2.7915E+00
-2.7160E+00
-2.7035E+00
-2.6410E+00
-2.6180E+00
-2.6095E+00
-2.5830E+00
-2.4405E+00
-2.3455E+00
-2.4215E+00
-2.3320E+00
-2.2835E+00
-2.2465E+00
-2.2100E+00
-2.1805E+00
-2.0915E+00
-2.0425E+00
-2.0225E+00
-1.9780E+00
-1.9585E+00
-1.8525E+00
-1.8305E+00
-1.8035E+00
-1.7315E+00
-1.7080E+00
-1.6565E+00
-1.6560E+00
-1.5205E+00
-1.4635E+00
-1.5150E+00
-1.4365E+00
-1.3650E+00
-1.3485E+00
-1.3055E+00
-1.2680E+00
-1.2205E+00
-1.1450E+00
-1.1155E+00
-1.0965E+00
-1.0810E+00
-9.7350E-01
-9.1950E-01
-9.5350E-01
-8.6850E-01
-8.5250E-01
-8.3800E-01
-7.8400E-01
-6.9000E-01
-6.5600E-01
-7.0950E-01
-6.8950E-01
-5.8350E-01
-5.7800E-01
-5.7050E-01
-5.2300E-01
-4.9550E-01
-4.4350E-01
-4.3150E-01
-4.1500E-01
-4.0150E-01
-2.9950E-01
-2.5450E-01
-3.0600E-01
-2.6850E-01
-2.6100E-01
-2.5950E-01
-1.9200E-01
-1.7250E-01
-1.4200E-01
-1.9150E-01
-2.1150E-01
-6.9500E-02
-1.3250E-01
-1.0500E-01
-5.3000E-02
-7.0500E-02
-3.0500E-02
-4.1500E-02
-2.9500E-02
-6.3500E-02
3.2500E-02
8.2500E-02
-2.0500E-02
1.3000E-02
2.5500E-02
-1.3500E-02
1.9000E-02
-7.0000E-03
8.5000E-02
-2.8000E-02
-9.7000E-02
3.7500E-02
-3.0000E-03
-1.3500E-02
9.0000E-03
-1.3000E-02
-6.5000E-03
-3.5000E-02
-5.0500E-02
-1.0700E-01
-5.0000E-03
0.0000E+00
-1.0400E-01
-8.5000E-02
-9.1500E-02
-1.5250E-01
-1.4500E-01
-1.8050E-01
-1.6300E-01
-2.4350E-01
-2.7500E-01
-2.2850E-01
-2.9450E-01
-3.2950E-01
-3.2650E-01
-3.6050E-01
-3.7700E-01
-4.1650E-01
-4.6550E-01
-5.3550E-01
-4.6000E-01
-4.3400E-01
-6.1000E-01
-5.5550E-01
-6.1300E-01
-6.3850E-01
-6.8050E-01
-6.7850E-01
-7.4050E-01
-7.8850E-01
-8.9950E-01
-8.2450E-01
-8.4100E-01
-9.7750E-01
-9.6950E-01
-1.0270E+00
-1.0775E+00
-1.1165E+00
-1.1640E+00
-1.1995E+00
-1.1910E+00
-1.2400E+00
-1.2410E+00
-1.3295E+00
-1.4000E+00
-1.4380E+00
-1.5075E+00
-1.5060E+00
-1.5945E+00
-1.5745E+00
-1.7355E+00
-1.7095E+00
-1.7360E+00
-1.8345E+00
-1.8735E+00
-1.9070E+00
-1.9480E+00
-2.0040E+00
-2.0395E+00
-2.0890E+00
-2.1150E+00
-2.1135E+00
-2.1495E+00
-2.2020E+00
-2.2615E+00
-2.3465E+00
-2.4125E+00
-2.4180E+00
-2.4955E+00
-2.5100E+00
-2.6325E+00
-2.6230E+00
-2.6040E+00
-2.7420E+00
-2.7485E+00
-2.7925E+00
-2.8540E+00
-2.8835E+00
-2.9525E+00
-3.0045E+00
-3.0330E+00
-3.0590E+00
-3.1530E+00
-3.2355E+00
-3.1820E+00
-3.2430E+00
-3.2675E+00
-3.2930E+00
-3.3410E+00
-3.3750E+00
-3.4310E+00
-3.4200E+00
-3.4250E+00
-3.5195E+00
-3.5240E+00
-3.5500E+00
-3.6060E+00
-3.6085E+00
-3.6510E+00
-3.6585E+00
-3.6960E+00
-3.6655E+00
-3.7440E+00
-3.8040E+00
-3.7315E+00
-3.7615E+00
-3.7905E+00
-3.8075E+00
-3.8230E+00
-3.8425E+00
-3.8500E+00
-3.8350E+00
-3.8280E+00
-3.9050E+00
-3.8810E+00
-3.8315E+00
-3.8805E+00
-3.9010E+00
-3.8735E+00
-3.8670E+00
-3.8505E+00
-3.8670E+00
-3.8680E+00
-3.8875E+00
-3.8345E+00
-3.7930E+00
-3.8495E+00
-3.8055E+00
-3.8290E+00
-3.8335E+00
-3.7740E+00
-3.7715E+00
-3.7300E+00
-3.7545E+00
-3.7685E+00
-3.6795E+00
-3.6655E+00
-3.6665E+00
-3.6330E+00
-3.5935E+00
-3.5625E+00
-3.5385E+00
-3.4910E+00
-3.5295E+00
-3.4020E+00
-3.3120E+00
-3.4045E+00
-3.3545E+00
-3.3070E+00
-3.3030E+00
-3.2650E+00
-3.2210E+00
-3.1295E+00
-3.1640E+00
-3.1365E+00
-3.0305E+00
-3.0260E+00
-2.9745E+00
-2.9070E+00
-2.8755E+00
-2.8165E+00
-2.7895E+00
-2.7185E+00
-2.7380E+00
-2.5970E+00
-2.5420E+00
-2.5735E+00
-2.5215E+00
-2.4420E+00
-2.4155E+00
-2.3710E+00
-2.3025E+00
-2.2420E+00
-2.2660E+00
-2.2820E+00
-2.1060E+00
-2.1195E+00
-2.0590E+00
-2.0140E+00
-1.9535E+00
-1.9175E+00
-1.8780E+00
-1.8275E+00
-1.7890E+00
-1.6830E+00
-1.6595E+00
-1.6785E+00
-1.6325E+00
-1.5340E+00
-1.5180E+00
-1.4670E+00
-1.3820E+00
-1.3590E+00
-1.3560E+00
-1.3965E+00
-1.1820E+00
-1.1850E+00
-1.1635E+00
-1.1095E+00
-1.0610E+00
-1.0580E+00
-1.0105E+00
-9.7750E-01
-9.1750E-01
-8.7650E-01
-8.2100E-01
-8.4250E-01
-8.2450E-01
-7.0800E-01
-7.0550E-01
-6.7400E-01
-5.9300E-01
-6.0650E-01
-5.9700E-01
-5.6300E-01
-4.5850E-01
-4.4250E-01
-4.6950E-01
-4.1200E-01
-3.7650E-01
-3.4600E-01
-3.3200E-01
-3.3150E-01
-2.9550E-01
-2.7500E-01
-2.0800E-01
-2.8150E-01
-2.7200E-01
-1.8900E-01
-1.7750E-01
-1.6100E-01
-1.0250E-01
-9.5500E-02
-9.1500E-02
-9.0500E-02
-3.4500E-02
3.0000E-02
-9.2000E-02
-1.9500E-02
-6.0000E-03
-2.4000E-02
-1.6500E-02
-1.0000E-02
-2.5000E-03
2.5000E-03
4.1500E-02
-2.9000E-02
-5.8500E-02
3.0500E-02
1.2500E-02
8.0000E-03
3.8000E-02
1.4500E-02
-1.5000E-03
-1.1500E-02
2.7000E-02
8.2000E-02
-7.8000E-02
-2.4500E-02
-2.9000E-02
-7.4000E-02
-6.7500E-02
-8.5500E-02
-7.5000E-02
-1.0150E-01
-1.1850E-01
-1.7300E-01
-2.8150E-01
-1.2700E-01
-2.2450E-01
-2.3850E-01
-2.2100E-01
-2.5050E-01
-3.4250E-01
-3.5650E-01
-2.8900E-01
-3.1250E-01
-4.2200E-01
-4.5600E-01
-4.2950E-01
-4.9300E-01
-5.1050E-01
-5.3900E-01
-5.6300E-01
-5.9050E-01
-5.8350E-01
-6.9800E-01
-8.1050E-01
-6.8700E-01
-7.9300E-01
-7.8950E-01
-8.1350E-01
-8.7650E-01
-9.1600E-01
-9.8150E-01
-1.0305E+00
-9.8600E-01
-1.1170E+00
-1.1610E+00
-1.1200E+00
-1.2180E+00
-1.2370E+00
-1.2880E+00
-1.3325E+00
-1.3505E+00
-1.4390E+00
-1.5115E+00
-1.5625E+00
-1.5775E+00
-1.6215E+00
-1.6505E+00
-1.7075E+00
-1.7195E+00
-1.7915E+00
-1.8245E+00
-1.8760E+00
-1.8655E+00
-2.0010E+00
-2.0515E+00
-2.0135E+00
-2.1180E+00
-2.1455E+00
-2.1790E+00
-2.2265E+00
-2.2715E+00
-2.3255E+00
-2.3905E+00
-2.4180E+00
-2.4425E+00
-2.4765E+00
-2.5620E+00
-2.5970E+00
-2.6335E+00
-2.7140E+00
-2.7225E+00
-2.7645E+00
-2.8020E+00
-2.9025E+00
-2.9485E+00
-2.8900E+00
-3.0185E+00
-3.0715E+00
-3.0790E+00
-3.1300E+00
-3.1545E+00
-3.2085E+00
-3.2610E+00
-3.2845E+00
-3.2845E+00
-3.2590E+00
-3.4420E+00
-3.3925E+00
-3.4310E+00
-3.5025E+00
-3.5135E+00
-3.5190E+00
-3.5065E+00
-3.6300E+00
-3.6700E+00
-3.6260E+00
-3.6870E+00
-3.7015E+00
-3.7055E+00
-3.7185E+00
-3.7365E+00
-3.7755E+00
-3.7950E+00
-3.8425E+00
-3.7740E+00
-3.7765E+00
-3.8775E+00
-3.8360E+00
-3.8495E+00
-3.8725E+00
-3.8640E+00
-3.8515E+00
-3.8395E+00
-3.9010E+00
-3.9120E+00
-3.8325E+00
-3.8835E+00
-3.9020E+00
-3.8620E+00
-3.8820E+00
-3.8675E+00
-3.8640E+00
-3.8650E+00
-3.8405E+00
-3.7915E+00
-3.7930E+00
-3.8410E+00
-3.7820E+00
-3.7345E+00
-3.7495E+00
-3.7295E+00
-3.6715E+00
-3.6595E+00
-3.6900E+00
-3.6370E+00
-3.5740E+00
-3.5855E+00
-3.5915E+00
-3.5210E+00
-3.4870E+00
-3.4780E+00
-3.4415E+00
-3.4330E+00
-3.3625E+00
-3.3220E+00
-3.2820E+00
-3.3035E+00
-3.3025E+00
-3.1650E+00
-3.1650E+00
-3.1375E+00
-3.0545E+00
-3.0275E+00
-3.0115E+00
-2.9755E+00
-2.8595E+00
-2.8020E+00
-2.8580E+00
-2.7575E+00
-2.7055E+00
-2.6740E+00
-2.6370E+00
-2.6145E+00
-2.5340E+00
-2.4850E+00
-2.4505E+00
-2.4355E+00
-2.4505E+00
-2.2660E+00
-2.2675E+00
-2.2325E+00
-2.1525E+00
-2.1315E+00
-2.0815E+00
-2.0435E+00
-1.9635E+00
-1.8680E+00
-1.9290E+00
-1.8430E+00
-1.8080E+00
-1.7585E+00
-1.7245E+00
-1.6820E+00
-1.6340E+00
-1.5905E+00
-1.4800E+00
-1.5375E+00
-1.5310E+00
-1.3875E+00
-1.3700E+00
-1.3175E+00
-1.2650E+00
-1.2220E+00
-1.1910E+00
-1.1750E+00
-1.0835E+00
-9.7000E-01
-1.0890E+00
-9.5300E-01
-9.2850E-01
-9.3250E-01
-8.6550E-01
-8.3750E-01
-7.9400E-01
-7.3500E-01
-7.1800E-01
-7.2100E-01
-6.8000E-01
-5.8550E-01
-6.0550E-01
-5.7800E-01
-5.0900E-01
-4.8800E-01
-5.0450E-01
-4.5650E-01
-3.8700E-01
-3.0150E-01
-4.1650E-01
-3.1450E-01
-2.9150E-01
-2.9050E-01
-2.7050E-01
-2.3550E-01
-2.2250E-01
-1.8000E-01
-1.6800E-01
-1.8850E-01
-1.7550E-01
-7.5500E-02
-8.5500E-02
-1.3550E-01
-6.7000E-02
-5.1500E-02
-8.7500E-02
-4.3000E-02
-1.9500E-02
1.3000E-02
-5.8500E-02
-5.4500E-02
6.4500E-02
-4.5000E-03
-1.5000E-02
1.8000E-02
8.5000E-03
4.9000E-02
1.1000E-02
1.4500E-02
6.0000E-03
5.5000E-02
5.7500E-02
-5.6000E-02
-1.0000E-03
4.0000E-03
-3.5500E-02
-1.3000E-02
-3.4500E-02
-3.2500E-02
-9.1500E-02
-1.6300E-01
-3.4500E-02
-1.1800E-01
-1.2650E-01
-1.2150E-01
-1.3950E-01
-1.5800E-01
-1.9300E-01
-2.3950E-01
-2.5000E-01
-2.3200E-01
-2.2550E-01
-3.1150E-01
-2.9950E-01
-3.1550E-01
-3.8050E-01
-4.1200E-01
-4.1300E-01
-4.2250E-01
-5.1100E-01
-6.1250E-01
-5.2500E-01
-5.7750E-01
-6.4850E-01
-6.2450E-01
-6.6000E-01
-7.0100E-01
-7.2800E-01
-7.8050E-01
-8.1450E-01
-8.2650E-01
-8.0500E-01
-9.7950E-01
-9.1900E-01
-9.9850E-01
-1.0505E+00
-1.0790E+00
-1.0955E+00
-1.1585E+00
-1.2260E+00
-1.3360E+00
-1.2415E+00
-1.2480E+00
-1.4055E+00
-1.4035E+00
-1.4675E+00
-1.5270E+00
-1.5595E+00
-1.6195E+00
-1.6670E+00
-1.6765E+00
-1.6755E+00
-1.8080E+00
-1.7840E+00
-1.8800E+00
-1.8900E+00
-1.9780E+00
-2.0040E+00
-2.0795E+00
-2.1145E+00
-2.2285E+00
-2.1485E+00
-2.2005E+00
-2.2915E+00
-2.3120E+00
-2.3935E+00
-2.4230E+00
-2.4905E+00
-2.5240E+00
-2.5700E+00
-2.6175E+00
-2.6165E+00
-2.7045E+00
-2.7700E+00
-2.7420E+00
-2.8190E+00
-2.8860E+00
-2.9030E+00
-2.9840E+00
-3.0370E+00
-3.0945E+00
-3.0695E+00
-3.0555E+00
-3.2175E+00
-3.2000E+00
-3.2385E+00
-3.3005E+00
-3.3285E+00
-3.3695E+00
-3.4010E+00
-3.4185E+00
-3.4390E+00
-3.5295E+00
-3.5945E+00
-3.5260E+00
-3.5855E+00
-3.6200E+00
-3.6100E+00
-3.6460E+00
-3.6880E+00
-3.7165E+00
-3.6870E+00
-3.6390E+00
-3.8010E+00
-3.7390E+00
-3.7605E+00
-3.8120E+00
-3.8180E+00
-3.8205E+00
-3.8235E+00
-3.8205E+00
-3.8405E+00
-3.8955E+00
-3.9350E+00
-3.8480E+00
-3.8690E+00
-3.8800E+00
-3.8645E+00
-3.8730E+00
-3.9030E+00
-3.8770E+00
-3.8425E+00
-3.8325E+00
-3.8965E+00
-3.8480E+00
-3.8345E+00
-3.8330E+00
-3.8260E+00
-3.8000E+00
-3.7735E+00
-3.7460E+00
-3.7630E+00
-3.7365E+00
-3.7535E+00
-3.6570E+00
-3.6290E+00
-3.6955E+00
-3.6180E+00
-3.6055E+00
-3.6115E+00
-3.5765E+00
-3.5010E+00
-3.4740E+00
-3.5030E+00
-3.4570E+00
-3.3840E+00
-3.3760E+00
-3.3695E+00
-3.2985E+00
-3.2645E+00
-3.2200E+00
-3.1725E+00
-3.1290E+00
-3.1295E+00
-3.0375E+00
-2.9680E+00
-2.9950E+00
-2.9285E+00
-2.8785E+00
-2.8585E+00
-2.8135E+00
-2.7510E+00
-2.6840E+00
-2.6895E+00
-2.6875E+00
-2.5455E+00
-2.5595E+00
-2.4990E+00
-2.4190E+00
-2.3915E+00
-2.3355E+00
-2.3040E+00
-2.2785E+00
-2.2320E+00
-2.1180E+00
-2.0710E+00
-2.1115E+00
-2.0425E+00
-1.9680E+00
-1.9485E+00
-1.8870E+00
-1.8125E+00
-1.7755E+00
-1.8015E+00
-1.8330E+00
-1.6145E+00
-1.6150E+00
-1.5740E+00
-1.5155E+00
-1.4705E+00
-1.4530E+00
-1.4030E+00
-1.3655E+00
-1.3095E+00
-1.2515E+00
-1.2100E+00
-1.2160E+00
-1.2165E+00
-1.0730E+00
-1.0710E+00
-1.0050E+00
-9.4350E-01
-9.3600E-01
-9.1600E-01
-8.9600E-01
-7.5650E-01
-7.3300E-01
-7.5650E-01
-7.0600E-01
-6.6000E-01
-6.3300E-01
-6.1250E-01
-6.0100E-01
-5.7000E-01
-5.5650E-01
-4.5800E-01
-5.1250E-01
-5.3100E-01
-4.0600E-01
-4.0000E-01
-3.7150E-01
-2.8750E-01
-2.7250E-01
-2.7550E-01
-2.6000E-01
-2.0550E-01
-1.2950E-01
-2.3250E-01
-1.4700E-01
-1.3950E-01
-1.3950E-01
-1.1550E-01
-1.0550E-01
-7.4000E-02
-7.7000E-02
-9.5000E-03
-9.4000E-02
-1.4550E-01
3.5000E-03
-2.0000E-02
-3.3500E-02
3.0000E-03
8.5000E-03
-1.0000E-02
-3.7500E-02
5.7500E-02
1.3050E-01
-3.3500E-02
-1.0500E-02
1.4000E-02
-4.5000E-03
2.3500E-02
1.0500E-02
-5.0000E-04
3.8000E-02
2.2500E-02
-6.0500E-02
-8.7500E-02
2.1000E-02
-2.9500E-02
-6.8500E-02
-5.3000E-02
-8.3500E-02
-1.1850E-01
-1.8100E-01
-7.9500E-02
-1.1100E-01
-2.0700E-01
-2.1350E-01
-2.0700E-01
-2.5450E-01
-2.4750E-01
-2.6800E-01
-2.9950E-01
-2.9000E-01
-3.4300E-01
-4.0200E-01
-4.6100E-01
-3.9650E-01
-4.0700E-01
-4.9850E-01
-5.1650E-01
-5.4750E-01
-5.8800E-01
-6.0500E-01
-6.9050E-01
-6.4750E-01
-7.6450E-01
-8.0100E-01
-7.5900E-01
-8.1500E-01
-8.7650E-01
-8.9950E-01
-9.2450E-01
-9.4350E-01
-1.0210E+00
-1.0960E+00
-1.1290E+00
-1.1880E+00
-1.1580E+00
-1.2185E+00
-1.2450E+00
-1.2950E+00
-1.3655E+00
-1.4165E+00
-1.4285E+00
-1.4410E+00
-1.5355E+00
-1.6180E+00
-1.5895E+00
-1.6470E+00
-1.7370E+00
-1.7435E+00
-1.7900E+00
-1.8290E+00
-1.8675E+00
-1.9325E+00
-1.9680E+00
-1.9750E+00
-2.0300E+00
-2.1305E+00
-2.1390E+00
-2.2105E+00
-2.2590E+00
-2.3045E+00
-2.3400E+00
-2.3630E+00
-2.3865E+00
-2.5595E+00
-2.5060E+00
-2.5030E+00
-2.6350E+00
-2.6595E+00
-2.7050E+00
-2.7500E+00
-2.7710E+00
-2.8600E+00
-2.9155E+00
-2.8955E+00
-2.9440E+00
-3.0665E+00
-3.0935E+00
-3.1035E+00
-3.1600E+00
-3.1865E+00
-3.2205E+00
-3.2355E+00
-3.3075E+00
-3.3865E+00
-3.3365E+00
-3.3650E+00
-3.4495E+00
-3.4570E+00
-3.4855E+00
-3.5160E+00
-3.5655E+00
-3.6065E+00
-3.6185E+00
-3.6025E+00
-3.6025E+00
-3.7260E+00
-3.7685E+00
-3.7185E+00
-3.7375E+00
-3.7585E+00
-3.7415E+00
-3.7620E+00
-3.7980E+00
-3.8785E+00
-3.7930E+00
-3.7615E+00
-3.8690E+00
-3.8495E+00
-3.8460E+00
-3.8730E+00
-3.8785E+00
-3.8870E+00
-3.8720E+00
-3.9010E+00
-3.8365E+00
-3.9090E+00
-3.9145E+00
-3.8485E+00
-3.8705E+00
-3.8655E+00
-3.8360E+00
-3.8450E+00
-3.8125E+00
-3.8405E+00
-3.7580E+00
-3.7520E+00
-3.8005E+00
-3.7730E+00
-3.7325E+00
-3.7210E+00
-3.6780E+00
-3.6825E+00
-3.6570E+00
-3.6265E+00
-3.5850E+00
-3.5940E+00
-3.5845E+00
-3.4705E+00
-3.4575E+00
-3.4745E+00
-3.4125E+00
-3.3940E+00
-3.3730E+00
-3.3375E+00
-3.2700E+00
-3.2285E+00
-3.2615E+00
-3.1920E+00
-3.1190E+00
-3.1070E+00
-3.0715E+00
-3.0245E+00
-2.9830E+00
-2.9175E+00
-2.8770E+00
-2.7855E+00
-2.8600E+00
-2.7150E+00
-2.6240E+00
-2.6530E+00
-2.6100E+00
-2.5820E+00
-2.5270E+00
-2.4760E+00
-2.4610E+00
-2.3140E+00
-2.3500E+00
-2.3275E+00
-2.2435E+00
-2.2035E+00
-2.1745E+00
-2.1120E+00
-2.0750E+00
-1.9935E+00
-1.9190E+00
-1.8850E+00
-1.9315E+00
-1.7995E+00
-1.7585E+00
-1.7635E+00
-1.7015E+00
-1.6480E+00
-1.6410E+00
-1.5825E+00
-1.5580E+00
-1.4145E+00
-1.4805E+00
-1.4290E+00
-1.3015E+00
-1.2970E+00
-1.2595E+00
-1.2070E+00
-1.1695E+00
-1.1005E+00
-1.0740E+00
-1.0425E+00
-1.0240E+00
-9.9600E-01
-9.0250E-01
-8.8350E-01
-9.0600E-01
-7.9250E-01
-7.9450E-01
-7.3150E-01
-7.1550E-01
-6.4250E-01
-6.7450E-01
-6.4050E-01
-5.4450E-01
-5.3500E-01
-5.1850E-01
-4.8400E-01
-4.4900E-01
-4.1900E-01
-3.8850E-01
-3.7550E-01
-3.5750E-01
-3.8750E-01
-2.3400E-01
-3.1250E-01
-3.1500E-01
-2.2250E-01
-2.2700E-01
-1.9550E-01
-1.3550E-01
-1.2500E-01
-8.3000E-02
-1.7350E-01
-5.0500E-02
-3.2000E-02
-9.0500E-02
-4.1000E-02
-3.7000E-02
-3.4500E-02
-1.2000E-02
-3.9000E-02
-4.5000E-02
-8.3000E-02
8.5500E-02
-3.5000E-02
-1.8000E-02
4.0000E-03
2.7000E-02
5.0000E-03
2.0500E-02
1.8000E-02
7.2500E-02
-7.7000E-02
2.6500E-02
2.6500E-02
-2.7000E-02
-2.0000E-02
-3.1500E-02
-3.6000E-02
-1.9500E-02
-6.9000E-02
-9.0500E-02
-1.2600E-01
-7.5000E-03
-1.5400E-01
-1.3850E-01
-1.0300E-01
-1.4450E-01
-2.1350E-01
-1.8100E-01
-1.9600E-01
-2.3800E-01
-2.9700E-01
-3.0950E-01
-2.6300E-01
-3.5500E-01
-3.7300E-01
-3.6550E-01
-4.2400E-01
-4.4400E-01
-4.9450E-01
-4.9900E-01
-5.4350E-01
-5.2000E-01
-5.8800E-01
-6.4450E-01
-6.4650E-01
-6.4800E-01
-7.1650E-01
-7.5850E-01
-7.5700E-01
-8.4750E-01
-8.9700E-01
-9.9100E-01
-9.0650E-01
-9.6350E-01
-1.0430E+00
-1.0710E+00
-1.1040E+00
-1.1450E+00
-1.2035E+00
-1.2150E+00
-1.2545E+00
-1.3070E+00
-1.4030E+00
-1.4445E+00
-1.4685E+00
-1.4820E+00
-1.5570E+00
-1.5660E+00
-1.6235E+00
-1.6495E+00
-1.7195E+00
-1.7550E+00
-1.7860E+00
-1.7635E+00
-1.9330E+00
-1.9350E+00
-1.9805E+00
-2.0345E+00
-2.0930E+00
-2.1530E+00
-2.1785E+00
-2.2015E+00
-2.2265E+00
-2.3605E+00
-2.2785E+00
-2.3830E+00
-2.4465E+00
-2.5005E+00
-2.5360E+00
-2.5740E+00
-2.6410E+00
-2.6920E+00
-2.6950E+00
-2.6685E+00
-2.8445E+00
-2.8165E+00
-2.8640E+00
-2.9300E+00
-2.9800E+00
-3.0370E+00
-3.0735E+00
-3.1025E+00
-3.1465E+00
-3.2460E+00
-3.2505E+00
-3.2520E+00
-3.3075E+00
-3.3685E+00
-3.3705E+00
-3.4180E+00
-3.4565E+00
-3.4565E+00
-3.4745E+00
-3.4420E+00
-3.6135E+00
-3.5530E+00
-3.5920E+00
-3.6630E+00
-3.6435E+00
-3.6770E+00
-3.7020E+00
-3.7130E+00
-3.7475E+00
-3.7800E+00
-3.8790E+00
-3.7375E+00
-3.8295E+00
-3.8230E+00
-3.8075E+00
-3.8380E+00
-3.8615E+00
-3.8820E+00
-3.8450E+00
-3.8060E+00
-3.9355E+00
-3.8605E+00
-3.8530E+00
-3.8890E+00
-3.9020E+00
-3.8760E+00
-3.8730E+00
-3.8485E+00
-3.8745E+00
-3.8875E+00
-3.8705E+00
-3.7720E+00
-3.8390E+00
-3.8335E+00
-3.7800E+00
-3.7800E+00
-3.7870E+00
-3.7675E+00
-3.7190E+00
-3.6900E+00
-3.7295E+00
-3.6505E+00
-3.6270E+00
-3.6280E+00
-3.6015E+00
-3.5755E+00
-3.5390E+00
-3.4870E+00
-3.4715E+00
-3.4555E+00
-3.4360E+00
-3.3450E+00
-3.2865E+00
-3.3630E+00
-3.2830E+00
-3.2195E+00
-3.2380E+00
-3.1745E+00
-3.1145E+00
-3.0915E+00
-3.0935E+00
-3.0605E+00
-2.9345E+00
-2.9160E+00
-2.8895E+00
-2.8130E+00
-2.7955E+00
-2.7355E+00
-2.6865E+00
-2.6380E+00
-2.6275E+00
-2.5535E+00
-2.4200E+00
-2.4950E+00
-2.3945E+00
-2.3570E+00
-2.3290E+00
-2.2710E+00
-2.2235E+00
-2.1940E+00
-2.1830E+00
-2.1890E+00
-1.9830E+00
-2.0275E+00
-1.9840E+00
-1.9155E+00
-1.8770E+00
-1.8090E+00
-1.7775E+00
-1.7715E+00
-1.6900E+00
-1.5960E+00
-1.5515E+00
-1.6085E+00
-1.4945E+00
-1.4380E+00
-1.4330E+00
-1.3880E+00
-1.2935E+00
-1.2265E+00
-1.2875E+00
-1.2810E+00
-1.0630E+00
-1.1305E+00
-1.0995E+00
-1.0340E+00
-9.9150E-01
-9.5950E-01
-9.1650E-01
-9.1850E-01
-8.4750E-01
-7.8300E-01
-7.4750E-01
-7.7100E-01
-7.2750E-01
-6.4800E-01
-6.3750E-01
-6.0700E-01
-5.4450E-01
-5.2550E-01
-5.3900E-01
-5.0350E-01
-4.0550E-01
-4.1050E-01
-4.3550E-01
-3.4750E-01
-3.2950E-01
-3.2150E-01
-2.8550E-01
-2.9000E-01
-2.5050E-01
-2.0250E-01
-1.9250E-01
-2.2500E-01
-2.2000E-01
-1.0400E-01
-1.5650E-01
-1.1800E-01
-4.2000E-02
-7.2500E-02
-8.8500E-02
-9.4500E-02
-5.5000E-03
4.1000E-02
-7.7000E-02
3.0000E-03
2.3000E-02
-1.5000E-02
-9.5000E-03
-1.2500E-02
2.4000E-02
3.9500E-02
3.3000E-02
-4.0000E-02
-1.0050E-01
5.4000E-02
-7.0000E-03
1.0500E-02
3.0000E-02
-1.2000E-02
-3.7000E-02
-6.2000E-02
-1.0000E-03
6.8500E-02
-6.1000E-02
-3.3500E-02
-5.1000E-02
-8.7500E-02
-9.2500E-02
-1.1150E-01
-1.0950E-01
-1.2550E-01
-1.8050E-01
-2.3350E-01
-3.0750E-01
-1.7000E-01
-2.5950E-01
-2.7900E-01
-2.8900E-01
-3.1300E-01
-3.6350E-01
-3.6900E-01
-3.4700E-01
-3.9800E-01
-4.8450E-01
-5.2500E-01
-4.6900E-01
-5.5250E-01
-5.5350E-01
-5.9350E-01
-6.1800E-01
-6.5050E-01
-6.5750E-01
-7.4000E-01
-7.9750E-01
-7.8350E-01
-8.2700E-01
-8.7000E-01
-9.4800E-01
-9.3750E-01
-1.0140E+00
-1.0425E+00
-1.0755E+00
-1.0490E+00
-1.1840E+00
-1.2390E+00
-1.2125E+00
-1.2965E+00
-1.3085E+00
-1.3690E+00
-1.4125E+00
-1.4270E+00
-1.4845E+00
-1.5765E+00
-1.6210E+00
-1.7025E+00
-1.6985E+00
-1.7610E+00
-1.8320E+00
-1.8015E+00
-1.8630E+00
-1.9220E+00
-1.9215E+00
-1.9630E+00
-2.0595E+00
-2.1285E+00
-2.1175E+00
-2.1630E+00
-2.2370E+00
-2.2550E+00
-2.3050E+00
-2.3425E+00
-2.4070E+00
-2.4595E+00
-2.5325E+00
-2.4840E+00
-2.5405E+00
-2.6960E+00
-2.6650E+00
-2.7180E+00
-2.7965E+00
-2.8085E+00
-2.8655E+00
-2.8885E+00
-2.9750E+00
-3.0335E+00
-3.0170E+00
-3.0835E+00
-3.1520E+00
-3.1680E+00
-3.2010E+00
-3.2335E+00
-3.2865E+00
-3.3460E+00
-3.3925E+00
-3.3455E+00
-3.3885E+00
-3.4660E+00
-3.4840E+00
-3.4995E+00
-3.5415E+00
-3.5680E+00
-3.5545E+00
-3.6005E+00
-3.6445E+00
